fgamma(0.3)=2.99157
gfamma(0.3)=2.99157
